.I 1

 184  
 29  
 31  
 12 
 51 
 102 
 13 
 14  
 15  
 57  
 378  
 859  
 185  
 30  
 37   
 52   
 142  
 195  
 875  
 56  
 66  
95  
462  
497  
858  
876 
879  
880  
486 

.I 2

 12 
 15  
 184  
 858  
 51  
 102  
 202  
 14  
 52  
 380  
 746  
 859  
 948  
 285  
 390  
 391  
 442  
 497  
 643  
 856  
 857  
 877  
 864  
 658 
 486 

.I 3

 5  
 6  
90  
 91  
 119  
 144  
 181  
 399  
 485

.I 4

 236  
 166  
 488 
 552  
 401  
 129
 12  
 488 
 99
 115  
 257  
 258 
 491

.I 5

 20  
 56  
57  
 58
 19  
 492 

.I 6

48  
122  
70 
58 
196  
354 

.I 7

 360  
 197  
 999  
 1112  
 1005  
 492 


.I 8

 196 3 
 354 1 
 360 1 
 197 3 
 999 